0.947977 0.942197 0.806358 0.82659 
0.93913 0.942029 0.773913 0.756522 
0.947977 0.947977 0.867052 0.861272 
0.939306 0.936416 0.809249 0.872832 
0.956522 0.956522 0.817391 0.817391 
0.919075 0.919075 0.815029 0.780347 
0.933526 0.924855 0.760116 0.820809 
0.942029 0.942029 0.849275 0.849275 
0.950725 0.936232 0.831884 0.837681 
0.930636 0.939306 0.84104 0.843931 
0.921739 0.904348 0.791304 0.791304 
0.930636 0.924855 0.774566 0.812139 
0.927536 0.927536 0.826087 0.747826 
0.927536 0.924638 0.773913 0.791304 
0.953623 0.962319 0.826087 0.831884 
0.953757 0.950867 0.815029 0.803468 
0.953757 0.945087 0.803468 0.815029 
0.930636 0.916185 0.783237 0.780347 
0.936232 0.930435 0.823188 0.823188 
0.910405 0.910405 0.771676 0.789017 
